6330 7178 5052
2629 6177 8582
5315 9301 1549
5315 9301 1549 
5315 9301 1549
5315 9301 1549 
5315 9301 1549
5315 9301 1549
5315 9301 1549 
5315 9301 1549
5315 9301 1549
5315 9301 1549
5315 9301 1549
5315 9301 1549
5315 9301 1549
5315 9301 1549
5315 9301 1549
5315 9301 1549 
5315 9301 1549
5315 9301 1549
5315 9301 1549
5315 9301 1549
5315 9301 1549
5315 9301 1549
5315 9301 1549
5315 9301 1549
5315 9301 1549
5315 9301 1549
5315 9301 1549 
5315 9301 1549 
3570 3983 7657 
3579 3983 7657
3570 3983 7657 
3570 3983 7657
3570 3983 7657
3570 3983 7657
3570 3983 7657 3570 3983 7657
3570 3983 7657 
3570 3983 7657 
3570 3983 7657
3570 3983 7657
3570 3983 7657 
3570 3983 7657 
3570 3983 7657
3570 3983 7657
3570 3983 7657
3570 3983 7657
3570 3983 7657
3570 3983 7657
3570 3983 7657
3570 3983 7657 
3570 3983 7657
3570 3983 7657
3570 3983 7657
3570 3983 7657
3570 3983 7657
3570 3983 7657
3570 3983 7657
3570 3983 7657 
3570 3983 7657
3570 3983 7657
9885 1411 2405 
9885 1411 2405
9885 1411 2405 
9885 1411 2405 
9885 1411 2405 
9885 1411 2405
9885 1411 2405 
9885 1411 2405 
9885 1411 2405 
9885 1411 2405
9885 1411 2405 
9885 1411 2405
9885 1411 2405
9885 1411 2405
9885 1411 2405
9885 1411 2405 
9885 1411 2405 
9885 1411 2405 
9885 1411 2405 
9885 1411 2405 
9885 1411 2405 
9885 1411 2405 
9885 1411 2405 
9885 1411 2405
9885 1411 2405 
9885 1411 2405
9885 1411 2405
9885 1411 2405
9885 1411 2405 
9885 1411 2405 
9885 1411 2405
9885 1411 2405
6350 7178 5052
2629 6177 8582
5315 9301 1549
2641 7449 9006
2641 7449 9006
2641 7449 9006
2641 7449 9006
2641 7449 9006
2641 7449 9006
2641 7449 9006
2641 7449 9006
2641 7449 9006
2641 7449 9006
3570 3983 7657
3570 3983 7657
3570 3983 7657
9885 1411 2405
9885 1411 2405
9885 1411 2405 
9885 1411 2405 
6350 7178 5052
2629 6177 8582
5315 9301 1549
2641 7449 9006
3570 3983 7657
9885 1411 2405
6350 7178 5052
2629 6177 8582
5315 9301 1549
2641 7449 9006
3570 3983 7657 
9885 1411 2405
6350 7178 5052 
2629 6177 8582 
5315 9301 1549 
2641 7449 9006
3570 3983 7657
9885 1411 2405
6350 7178 5052 
6350 7178 5052 
2629 6177 8582 
5315 9301 1549
2641 7449 9006
3570 3983 7657
9885 1411 2405
6350 7178 5052
2629 6177 8582
5315 9301 1549
2641 7449 9006
3570 3983 7657
9885 1411 2405
6350 7178 5052
2629 6177 8582
5315 9301 1549
2641 7449 9006
3570 3983 7657
9885 1411 2405
6350 7178 5052 
2629 6177 8582 
5315 9301 1549
2641 7449 9006
3570 3983 7657
9885 1411 2405
6350 7178 5052 
2629 6177 8582
5315 9301 1549
2641 7449 9006 
3570 3983 7657 
9885 1411 2405
9079158440 9050116370
7878532395
9991802199
8818060502
8356991046
7340255424 9991776443 9821
482917365104 
731605928417
195384726501
864219573608
520741936285
317905482716
946182735049
683527104936
251694837520
709318465271
709318465271
482917365104 
731605928417
195384726501
864219573608
520741936285
317905482716
946182735049
683527104936
251694837520
709318465271
482917365104
731605928417
195384726501
834219573608
520741936285
317905482716
946182735049
683527104936
251694837520
709318465271
482917365104
731605928417
195384726501
864219573608
520741936285
317905482716
946182735049
683527104936
251694837520
7709318465271
482917365104
731605928416
195384726501 
864219573608
520741936285
317905482716
946182735049
683527104936
251694837520
709318465271
482917365104
731605928417
195384726501
854219573608
520741936285 
317905482716
946182735049
783527104936
25169487520
709318465271
482917365104
7316-5928417
195384726501
864219573608
520741936285
317905482716
946182735049
683527104936
251694837520
709318465271
482917365104
731605928417
195384726501
864219573608
520741936285
317905482716
946182735049
68352704936
251694837520
709318465271
482917365104
731605928417
195384726501
864219573608
520741936285
317905482716
946182735049
683527104936
251694837520
709318465271
482917365104 
731605928417
195384726501
867219573608
520741936285
317905482716
946182735049
683527104936
251694837520
709318465271
ABCDE1234F
QWERTY9876P
ZXCVB4567K
LMNOP1234R
ASDFG5678T
HJKLPQ012M
BNMVC3456Q
POIUY7890L
GHKL2345S
TYUI0689N
ABCDE1234F
QWERTY9876P
ZXCVB4567K
LMNOP1234R
ASDFG5678T
HJKLPQ012M
BNMVC3456Q
POIUY7890L
GHKL2345S
TYUI0689N
QZTPK7394M
LXRNV5827D
HMWQC9163R
VKJSD40850
TRXLF5629K
NZWPM1538Z
BXRHC8052V
YKTGF2946L
CVMRQ7315T
PJXWN4682H
RDKZV9507C
GQHLM3164S
WNFTR8275J
XKCPD6093M
MVZQS1748B
GTRXL5830Q
KJWPF92613E
ZNCVG4057M
FQXRDI126K
LPMTS356U9V
QXTPK7394M
LXRNV5827DGMWQC9163R
VKJSD4085P
TRXLF6729K
NQWPM1538Z
BXRHC8052V
YKTGF2946L
CVMRW7315T
PJXWN4682H
RDKZV9507C
GHKL2345S
GQHLM3164S
WNFTR8275J
XKCPD6092N
MVZQS1748B
HTRXL5830Q
KJWPF92613E
ZNCVG4056M
FQXRDI126
FQXRD8126K
LPMTS3679V
QZT0K7394M
LXRNV5827D
HMWQC9163R 
VKJSD408500 
TRXLF6729K 
NXWPM1538Z
BXRHC8052V
YKTGF2946L
CVMR17315T
PJXWN4682H 
RDKZV9507C
GQHLM3164S
WNFTR8275J 
XKCPD7092N 
MVZQS1748B
HTRXL5830Q
KJWPF92613E
ZNCVG4057M 
FQXRD8126K
LPMTS3679V
83947261502836491752
570193846275918330467
92846175029361758403
46182739504821693750
7150392846170293846
38274619058372461509
90461738295047162835
62750193846172059384
18395027461839502746
75028461930572846193
839104726581930475216
57028462181920475216
570284619375018462903
918273640581926374051
462819305748216093857
73019462503917462815
285617903846201957384
839104726581930475216
56028461930475215
570284619365018462903
918273640581926374051
462819305748215093857
7230194628503917462815
2856179038462201957384
8394726150286491752
57019384627591830467
92846175029361758403
461827395048216983750
71503928461750293846
38274619058372461509
906190583671461509
90461738295047162835
7391048265 5816372049 9264057183 3648291057
8173506294 4902761835 6529184073 3084719265
1759038462 8246157093 5372081946 961370285
4206817395 7830526149 2094857316 6481375029
7391048265 5816372049 9264057183 3648291057
8173506294 5816372049 9264057183 3648291057
8173506294 5816372949 9264057183 36482910857
8172506294 5816372949 9264057183 36482910857
8172506294 5816372949 9264057183 36482910857
7391 4826 9157 3048 6729 1583 9406 2817
5269 7031 8642 1957 4380 9274 6105 7832 
704928 163750 982416 350791 628043 917562
481907 236815 750394 192683 864207 531729
704928 163750 982716 350791 628048 917562
481907 236815 750394 192683 854207 531729
7391048265915730486729158940628175269703186421964219574380927461057832
518273904617285039164750928361507492836105729481603957214860
7391048265915730486729158394062817526973308564219574380927461057832
518273904617285039164750928361507492836105729481603957214860
7391048265915730486729158394062817526970318642195734380927461056832
51827390460728503916475092836150749283610529481603957214860
739104265591573048572915839406381752697030864219574380927461057832
518273904617285039164750928361507492836150749283610572941603957214860
739104826591573048672915839406281752697031854380927461057832
372951846025193628
3729518460746814072936827316305861i460
3729518460746814072936045263224438629570465121078689
5567580859095
750926185239174808225064 13579 2468 9876 5321 
95198360641738 7305928416 286107539 451 61407539 9876 5321 
9047182635917406281539074268153902746185038927164805371
6319045483261607193846250971638405291764038517926304815
90471863591740762808153910742268163902746562185039271648052361
63190548260719384625096153840592917640398517926304815
9047182635917406281866555539074681539027468538927164805371
6631906548260719384625097173840532917640385179263048815
904971826359174062815390742681539026461859039227677716480636171
73190548261071938462509716384062917467040385179263048165
90471826359174062815390742681539027456185039271746480536171
73190548260719384625097153840529176403851780273048165
9047182635917406281539074263816390274618503926164805371
7319054826071938464509616384052916764038517926304815
90471826359174062815390742681539026725092716384052917640385179266304815
582917406318750294681503927416805371629048153760294815
903761528049217635814092763501928476350719284615073
4178059263147095i8206395172840617395028461775038928146
7603184950276813509472160823509472618305719246301536
2916340375109263481753062918405736219048573601294857
90471826391740628153907426815390274618503927164805371
6319053482607193846250971638405291654038517926304815
90471
5829174063187502946815039274f1680537162907448153760294815
90397615280492176358`140927635019284763510719284615073
41780592631470958206370517284061739502684617503918146
7603184950276818450947216083509472618305719246801537
29163484037510926481753062918405273621904852635102948567
7391 4826 9157 3048 7729 1583 9406 2817
5269 7031 8642 1957 4380 9274 6105 7832 
704928 163750 982416 350795 628048917462
481906 236815 750394 192683 864207 531729
7391048265915730486729158394052817526970318542195743809274510526832
518273904617285039164750928361507492836105729481603957214861
90478263591740628153907426816390274
904718263591740628153907426815390274268153902646185039267164805371
73190548261719384725097638405291764038517926304815
582917406318750294681503927411680537162904815377060294815
90376152804921756358140927635019228476350719284615073
4178059263146095820639517284061739650284617503928146
7603184950276781350947217083509472618305719246801536
29168403751092648175305291840573621904857362190485723610294857
704928 163750 982416 350791 628043 917562
481907 236815750394 192683 864207 531729 
7391048265915730486729158394062817527697031854219574380927461057832
5182739046172850391647750928361507492836105729481603957214860
904718263591740628153907427815390274618503927164805371
731905482607193846250971638406291764038517926304815
58291740631875029468150392746805371629048153760294816
903661528049217635814092763501928476350719284615073
417805926314609582063950728406173950284117503928146
760318495027681850947216083509472618305719246801537
291684037510926481753052918405735621904853610294857
5829201746 2716059384 9047182635 6382519074
4168390257 7502946183 8294617053 3057184926
9625071834 1846397205 57300182649 740269138
5830291746 6419073285 2905168374 8752039164
4307619285 9182746035 5629038174 7049182635
3816509274 9257316084 674092853 8503261749
5072948163 3817059264 67941205837 2509184637
8035712946 4196820735 7603149285 9362058174
1749083265 5826139074 7294051836 3058716249
5837041926 2709364815 8412057396 3967180524
7052819364 4180639275 9628401735 5317092864 
8043176259 1769250384 6904382175 3257816049
9472063158 5813940276 7038264195 2649185307 
583704192605 271936480517 841205739624 396718052407
705281936415 418063927502 962840173516 531709286482 
804317625904 176925038461 6904382174253 325781604972
947206315805 581394027631 703826419508 264918530751
58370419260527193664805178412057396243967180524077052819364154180639275029628401735155362840173565317092864828048176725904176925038460694904382175233257816049729472063158055313972063158055813940027563103826419503263918530751
583704192605 2790364806517 841205739624 396718052407
705281936415 418063927502 962840173516 531709286482
804317625904 176925038460 690438217523 325781604972
947206315805 581394027631 703826419508 264918530751
583704192605271936480517841205739243967180-42407705281936414180639275029628401735165317092864828073176259041769250384606590438217623432578160497294726315805581394027631703826419608264918530751
583784192605 271936480517 8412057y39627 396718052407 
705281936415 4180633927502 962840173516 5317092876482
804817625904 176925038460 670482187523 32581604972
947206315805 581394027631 7038264196508 264918530751 
947206316805 581394027631 7038264196508 264918530761
7391058264 4829173056 6150389275 2907461835
8572046193 3619850274 9041736285 7284601935 
5162938407 0837519264 6470291836 9358162047
9071625384 2817364509 6509182734 3948271605
7183049265 5029471836 86152032947 2473918056
9362058174 4807162935 1758392046 624507183
1908273645 8091726354 27190589058363 6382049175
5028163947 9473051826 3168507294 7251946083
8642917053 0395817264 4816290375 9537042186
583094726 9402758136 7164039285 2059381746
8395160274 1743206359 6204918374 3987052164
0573193264 8610372945 4296815037 71532930846
93667182504 2849051736 5038176294 1786402953 
7391058264 4829173056 6150389264 2907461835
85720461923 3619850274 9041736285 7284601935 
5162938407 0837519264 6470291835 9358162047
11908273645 80911726354 2709058364 6382049175
5028163947 9473051826 3168507294 7250946083 
8642917053 0395317263 486290375 9537042186
5830194726 30194726 9402758136 7164039285 2059381746
8395160274 1748206359 4296815037 7152930846 
9367182504 2849051736 5038176294 1784602953
739.10 
7391058264 4829173056 6150389264 2907461835 
8572046193 36198502764 9041736285 7284601935
5162938407 0837519264 6470291835 9358162047 
9071625384 2817364509 6509182734 39482871605 
7183049265 5029471836 8615203947 2473918056
9362058174 4807162935 1758392046 5294507183
1908273645 8091725354 2719058364 6382049175 
5028163947 9473050826 3168507294 7251946038
8642917053 0395817264 4816290375 9537042185
5830194726 9402758136 7164039285 2059381746
8395160274 1748206359 7204918375 3987052164 
0573198264 8610372945 42968115037 7152930846
9367182504 2849051736 5038176294 178642953
7391058264 4829173056 6150389274 2907461835
8572046193 3619850274 9041736285 7284601936\5
51632938407 0837519264 6470291835 93581620471908273645 8091726354 2719058364 6382049175 
5028163947 9473051826 3168507294 7250946083 
8542917053 0395817264 4816290376 9537042186
5830194726 9402758136 6164039285 2059381746 
8395160274 1748206359 6204918375 3987052164 
0573198264 8610372945 4296815037 7152930846 
9367182504 2849051736 5038176294 1786402953
9367182504 284951736 5038176294 1786402953 7391058264 48291173056 6150389274 29074461835 